[Home.jpg]
filters=bw=1;
moddate=7e4c7f118c5ccf01
width=108
height=49
textactive=0
[logout.JPG]
filters=bw=1;PicnikGrain=1,10.000000,0;
moddate=5bf245f3985ccf01
width=376
height=87
textactive=0
[i1.jpg]
filters=bw=1;Holga=1,70.000000,30.000000,0.000000;
moddate=2c32aebf4a5ecf01
width=2332
height=1020
textactive=0
